      0/99     1.71G    0.1098   0.02517         0    0.1349         0       640  0.001296    0.3889 0.0007422 7.653e-05   0.06241   0.02076         0
      1/99     2.15G    0.0987   0.02468         0    0.1234         2       640  0.001759    0.5278  0.001287 0.0001917   0.05122   0.02004         0
      2/99     2.15G     0.091   0.02579         0    0.1168         2       640  0.001852    0.5556  0.001412 0.0002176   0.04838   0.01922         0
      3/99     2.15G   0.08876   0.02566         0    0.1144         3       640  0.002934    0.8056   0.00259 0.0003845   0.04694   0.01853         0
      4/99     2.15G   0.08557   0.02418         0    0.1097         1       640  0.002499    0.6944  0.002431 0.0003754   0.04713   0.01759         0
      5/99     2.15G   0.08487   0.02343         0    0.1083         2       640  0.002416    0.6667  0.001843 0.0002574   0.05445   0.01643         0
      6/99     2.15G   0.08195   0.02411         0    0.1061         2       640  0.002063    0.6111  0.001342 0.0002082   0.05808   0.01722         0
      7/99     2.15G   0.08336   0.02263         0     0.106         1       640  0.002284    0.6389  0.001639 0.0002293   0.05467   0.01545         0
      8/99     2.15G   0.08293   0.02377         0    0.1067         2       640  0.007391   0.05556  0.002282 0.0003299   0.05618   0.01473         0
      9/99     2.15G   0.08375   0.02302         0    0.1068         1       640  0.002485    0.2778  0.001878 0.0002638   0.05985   0.01633         0
     10/99     2.15G   0.08108   0.02318         0    0.1043         0       640    0.0025    0.4444  0.001779 0.0002535   0.05635   0.01463         0
     11/99     2.15G   0.08414   0.02376         0    0.1079         2       640   0.00271    0.4444  0.001913 0.0003506   0.05527   0.01415         0
     12/99     2.15G   0.08221   0.02315         0    0.1054         1       640  0.003076    0.1111  0.002403 0.0003041   0.05277   0.01442         0
     13/99     2.15G   0.07904   0.02222         0    0.1013         0       640  0.003178   0.05556  0.001945 0.0003003   0.05375   0.01512         0
     14/99     2.15G   0.08281   0.02305         0    0.1059         4       640  0.002638    0.6111  0.002044 0.0003115   0.04991   0.01434         0
     15/99     2.15G    0.0821    0.0237         0    0.1058         3       640   0.00281      0.75  0.002421 0.0003718   0.04905   0.01437         0
     16/99     2.15G   0.08337   0.02321         0    0.1066         3       640  0.005364   0.05556    0.0025 0.0003828   0.04904   0.01435         0
     17/99     2.15G   0.08294   0.02093         0    0.1039         2       640  0.003114    0.4722  0.003272 0.0005217   0.04931   0.01415         0
     18/99     2.15G    0.0807   0.02364         0    0.1043         2       640  0.002854    0.3889  0.002946 0.0005321   0.04898   0.01403         0
     19/99     2.15G   0.08155   0.02278         0    0.1043         1       640   0.01506   0.02778  0.003199   0.00056   0.04744   0.01427         0
     20/99     2.15G   0.08026   0.02351         0    0.1038         1       640  0.002879    0.3611  0.002582 0.0004522   0.04735   0.01409         0
     21/99     2.15G   0.07913   0.02056         0   0.09968         0       640  0.008355   0.05556   0.00358 0.0005989    0.0482    0.0138         0
     22/99     2.15G   0.08194     0.023         0    0.1049         2       640   0.00465      0.25  0.003087 0.0005162   0.04823   0.01368         0
     23/99     2.15G   0.08169   0.02301         0    0.1047         1       640   0.02604   0.02778  0.003627 0.0004683   0.04721   0.01402         0
     24/99     2.15G   0.08362    0.0234         0     0.107         4       640  0.003069      0.75  0.003129 0.0004591   0.04409   0.01433         0
     25/99     2.15G   0.07806   0.02276         0    0.1008         0       640   0.00748   0.02778  0.002955 0.0005411   0.04585   0.01421         0
     26/99     2.15G   0.07786   0.01928         0   0.09714         2       640  0.004668    0.1944  0.002634 0.0004162   0.04776   0.01339         0
     27/99     2.15G   0.07885   0.02257         0    0.1014         2       640  0.004407    0.1389  0.002994 0.0004405   0.04366   0.01408         0
     28/99     2.15G   0.08148   0.02343         0    0.1049         3       640  0.007859   0.08333  0.003859 0.0006754   0.04495   0.01382         0
     29/99     2.15G   0.07664   0.02313         0   0.09978         1       640  0.004004    0.3056  0.002245 0.0003147   0.04856   0.01313         0
     30/99     2.15G   0.07651   0.02342         0   0.09993         1       640  0.003223    0.3056  0.001915 0.0002514   0.04908   0.01282         0
     31/99     2.15G   0.07588   0.02275         0   0.09863         3       640  0.004934    0.2778  0.003183 0.0005276   0.04607   0.01317         0
     32/99     2.15G   0.07762   0.02388         0    0.1015         2       640  0.004628   0.08809  0.001868 0.0003049   0.05043   0.01199         0
     33/99     2.15G   0.07548   0.02341         0   0.09889         1       640   0.04769   0.05556  0.005746 0.0008234    0.0491   0.01262         0
     34/99     2.15G   0.07453   0.02266         0   0.09719         1       640    0.1077   0.08333   0.02786  0.005152   0.04124   0.01406         0
     35/99     2.15G   0.07471   0.02145         0   0.09616         1       640   0.06686    0.1667   0.03299  0.008398   0.04169   0.01459         0
     36/99     2.15G   0.07266    0.0222         0   0.09486         1       640    0.1424    0.1111   0.05702   0.01641   0.04512   0.01302         0
     37/99     2.15G   0.07179   0.02176         0   0.09355         1       640    0.2851    0.3546    0.2383   0.06593   0.03721   0.01456         0
     38/99     2.15G   0.07089   0.02318         0   0.09406         1       640    0.3456    0.4694    0.2395   0.04143   0.03911   0.01637         0
     39/99     2.15G   0.07417   0.02253         0    0.0967         4       640   0.05455    0.5833   0.04801  0.008894   0.03998   0.01983         0
     40/99     2.15G   0.07181   0.02243         0   0.09424         2       640    0.3538    0.2778    0.2554   0.06345   0.03323   0.01373         0
     41/99     2.15G    0.0709    0.0211         0     0.092         2       640    0.4987    0.4145    0.4259   0.08585    0.0346   0.02256         0
     42/99     2.15G   0.06925   0.02031         0   0.08956         1       640     0.441    0.4163    0.3728   0.08901   0.03678    0.0208         0
     43/99     2.15G   0.06395   0.02127         0   0.08522         0       640    0.1474    0.4444   0.08277   0.01698   0.04441   0.01476         0
     44/99     2.15G   0.06957   0.02098         0   0.09055         2       640    0.3992    0.5556    0.3927    0.1295   0.03214   0.01405         0
     45/99     2.15G   0.06885   0.02082         0   0.08967         2       640    0.3332    0.6385    0.3765   0.09305   0.03384    0.0141         0
     46/99     2.15G   0.06623   0.02071         0   0.08694         1       640    0.3397    0.4722    0.2788   0.05773   0.03207   0.01564         0
     47/99     2.15G   0.06331   0.02192         0   0.08523         1       640    0.3594    0.4986    0.2728   0.05656    0.0349    0.0131         0
     48/99     2.15G   0.06343   0.01936         0   0.08279         1       640    0.5711    0.5556    0.5221    0.1524   0.02944   0.01444         0
     49/99     2.15G   0.06312   0.02031         0   0.08343         3       640    0.1361    0.3333    0.1031   0.01645   0.04567   0.02453         0
     50/99     2.15G   0.05991   0.01911         0   0.07902         2       640    0.2856    0.1667    0.1186   0.01645   0.04959   0.01675         0
     51/99     2.15G    0.0611   0.02125         0   0.08234         4       640    0.5213    0.6052    0.5284    0.1689   0.02838   0.01198         0
     52/99     2.15G   0.06355   0.01796         0   0.08151         2       640    0.4661    0.5833    0.4588    0.1083    0.0324   0.01134         0
     53/99     2.15G   0.05947   0.02029         0   0.07975         3       640    0.3221    0.5833    0.3166   0.09057   0.03417   0.01207         0
     54/99     2.15G   0.05998   0.01934         0   0.07932         1       640    0.4678    0.4152    0.3525    0.0874   0.03843   0.01115         0
     55/99     2.15G   0.06265   0.01958         0   0.08223         3       640    0.4565    0.6667    0.5269    0.1129   0.02975   0.01111         0
     56/99     2.15G   0.05889   0.01945         0   0.07834         3       640    0.4357    0.6667    0.5692    0.1658   0.03142   0.01157         0
     57/99     2.15G   0.05748   0.01822         0    0.0757         1       640    0.4391    0.8056     0.576    0.1705   0.02758   0.01215         0
     58/99     2.15G   0.05598   0.01861         0   0.07459         1       640    0.6357    0.5833    0.5532    0.1819   0.02813   0.01491         0
     59/99     2.15G   0.05747     0.021         0   0.07847         2       640    0.4276    0.4167    0.2842   0.08697    0.0381   0.01347         0
     60/99     2.15G   0.05448   0.02189         0   0.07637         1       640    0.5903    0.3611    0.4681    0.1476   0.03456   0.01398         0
     61/99     2.15G    0.0553   0.02007         0   0.07537         1       640    0.5737    0.4167    0.4481    0.1163   0.03626   0.01325         0
     62/99     2.15G   0.05563   0.01994         0   0.07556         2       640    0.5711    0.4439    0.4364    0.1003   0.03843   0.01174         0
     63/99     2.15G    0.0546   0.01966         0   0.07426         4       640    0.6173    0.5833    0.5701    0.1497   0.02935   0.01096         0
     64/99     2.15G   0.05318   0.01897         0   0.07216         1       640    0.6944    0.6943    0.7028    0.2003   0.02964   0.01165         0
     65/99     2.15G   0.05255   0.01969         0   0.07224         4       640    0.6214    0.6389    0.6668    0.1883   0.02711   0.01125         0
     66/99     2.15G   0.05346   0.01913         0   0.07259         1       640    0.6027    0.7222    0.6748     0.183   0.02838    0.0109         0
     67/99     2.15G   0.05515   0.02007         0   0.07521         4       640    0.7584    0.6104    0.6784    0.2074   0.02887   0.01159         0
     68/99     2.15G   0.05525   0.01921         0   0.07446         1       640    0.6996    0.5823    0.6565    0.1689   0.03079   0.01036         0
     69/99     2.15G   0.05364   0.01932         0   0.07296         2       640    0.6327    0.7179    0.7219    0.2507   0.02672   0.01026         0
     70/99     2.15G   0.05354   0.02003         0   0.07358         2       640     0.518    0.7761    0.5802    0.1744   0.03186   0.01187         0
     71/99     2.15G   0.05337   0.01948         0   0.07285         2       640      0.59    0.7197    0.6509    0.2072    0.0293   0.01197         0
     72/99     2.15G   0.04996   0.01874         0    0.0687         4       640    0.7579    0.6111     0.636    0.2276   0.02937   0.01232         0
     73/99     2.15G   0.05115   0.01951         0   0.07067         1       640    0.6238    0.5556    0.5047    0.1463   0.03126   0.01366         0
     74/99     2.15G   0.04846   0.01932         0   0.06778         3       640    0.6749      0.75    0.6913    0.1908   0.03058   0.00995         0
     75/99     2.15G   0.04845   0.01988         0   0.06833         1       640    0.7574    0.6944    0.7718    0.2393   0.02692   0.01024         0
     76/99     2.15G   0.05092   0.01762         0   0.06854         2       640    0.6967    0.6382    0.6899    0.2138   0.03167   0.01086         0
     77/99     2.15G   0.04797   0.01722         0   0.06519         0       640    0.7171    0.7778    0.7809    0.3153   0.02665   0.00948         0
     78/99     2.15G   0.04916   0.01834         0   0.06749         3       640    0.7934      0.75    0.7346    0.2348   0.03166  0.009341         0
     79/99     2.15G   0.04746   0.01752         0   0.06498         2       640    0.9284    0.7222    0.8324    0.3595   0.02581  0.008984         0
     80/99     2.15G   0.04606   0.01855         0   0.06461         0       640    0.7749    0.8606    0.8745    0.3278    0.0258  0.009861         0
     81/99     2.15G   0.04859   0.01699         0   0.06559         1       640    0.6259    0.6111    0.6221    0.1812   0.02977    0.0142         0
     82/99     2.15G   0.04761   0.01749         0    0.0651         0       640    0.7496    0.6667    0.7014    0.2579   0.03066   0.01061         0
     83/99     2.15G   0.04631   0.01763         0   0.06394         1       640    0.7624    0.8056    0.7569    0.2457   0.02877  0.009705         0
     84/99     2.15G   0.04803   0.01927         0    0.0673         4       640    0.7646    0.7222    0.7073    0.2489   0.03014  0.009388         0
     85/99     2.15G   0.04512   0.01776         0   0.06288         3       640    0.8748    0.7778     0.826    0.3269   0.02636  0.008908         0
     86/99     2.15G   0.04678   0.01796         0   0.06475         1       640    0.8471    0.7778     0.805    0.3054   0.02728  0.009006         0
     87/99     2.15G   0.04508   0.01794         0   0.06303         1       640    0.7662    0.6389    0.6618    0.2498   0.02856   0.00922         0
     88/99     2.15G    0.0472   0.01798         0   0.06518         3       640    0.7474      0.75     0.738    0.2516     0.028  0.009345         0
     89/99     2.15G   0.04692   0.01844         0   0.06536         4       640    0.6998    0.7772    0.7645      0.29   0.02672  0.009019         0
     90/99     2.15G   0.04557   0.01713         0    0.0627         3       640    0.7878    0.7221    0.7674    0.2597   0.03031  0.008929         0
     91/99     2.15G   0.04723   0.01777         0     0.065         3       640    0.8125    0.7221    0.7924    0.2867   0.02816  0.008968         0
     92/99     2.15G   0.04591   0.01706         0   0.06297         1       640    0.8529    0.8052     0.863    0.3539   0.02532  0.008575         0
     93/99     2.15G   0.04803   0.01781         0   0.06583         4       640    0.7711    0.7485    0.7617    0.2619   0.02863  0.009168         0
     94/99     2.15G   0.04179   0.01654         0   0.05833         1       640    0.8124    0.7218    0.7711    0.3153   0.02655  0.008429         0
     95/99     2.15G   0.04405   0.01712         0   0.06118         1       640    0.8433      0.75      0.79    0.3098   0.02677  0.008202         0
     96/99     2.15G   0.04738   0.01669         0   0.06407         2       640    0.8436      0.75    0.7722    0.3323   0.02798  0.008941         0
     97/99     2.15G    0.0445   0.01641         0   0.06092         2       640    0.7431    0.8035    0.7768    0.3255   0.02719  0.009155         0
     98/99     2.15G   0.04451   0.01698         0   0.06149         2       640    0.7714    0.7497    0.7549    0.2627   0.02842  0.008673         0
     99/99     2.15G     0.044   0.01749         0   0.06149         4       640    0.8399    0.5833    0.6439    0.2269   0.03414  0.009434         0
