      0/99     3.12G    0.1096    0.0274         0     0.137         1       640  0.001204    0.3611 0.0007618 0.0001203   0.06329   0.02081         0
      1/99     3.64G   0.09595   0.02718         0    0.1231         1       640  0.002399    0.3889   0.00145 0.0002053   0.05298   0.02014         0
      2/99     3.64G   0.08977    0.0261         0    0.1159         2       640  0.002921    0.4722  0.002021 0.0002634   0.04834   0.01947         0
      3/99     3.64G   0.08807   0.02627         0    0.1143         4       640  0.003102       0.5  0.002338 0.0003336   0.04688   0.01884         0
      4/99     3.64G   0.08435   0.02563         0      0.11         1       640  0.002681      0.75  0.002074 0.0002948   0.04765   0.01791         0
      5/99     3.64G   0.08519   0.02403         0    0.1092         3       640  0.003797    0.1667   0.00206 0.0002837   0.05502   0.01642         0
      6/99     3.64G   0.08256   0.02442         0     0.107         1       640  0.005762      0.25  0.003873 0.0006063   0.05363   0.01574         0
      7/99     3.64G   0.08306   0.02451         0    0.1076         1       640  0.006355    0.1389  0.003437  0.000577   0.06247   0.01409         0
      8/99     3.64G   0.08352   0.02316         0    0.1067         2       640  0.005279    0.2222  0.003015 0.0005153   0.05437   0.01544         0
      9/99     3.64G   0.08256     0.024         0    0.1066         3       640  0.004761    0.4444  0.003161 0.0005486   0.05174   0.01548         0
     10/99     3.64G   0.08479   0.02193         0    0.1067         3       640   0.01465    0.1667  0.006058  0.001078   0.05331    0.0149         0
     11/99     3.64G   0.08462   0.02277         0    0.1074         1       640  0.005176    0.1944  0.002935 0.0005651   0.05226   0.01573         0
     12/99     3.64G   0.08265    0.0216         0    0.1043         1       640  0.006644    0.2222  0.004246 0.0005701   0.05309   0.01429         0
     13/99     3.64G   0.08228   0.02113         0    0.1034         1       640   0.01977   0.05556  0.007186  0.001284   0.04821   0.01466         0
     14/99     3.64G   0.08204   0.02134         0    0.1034         1       640   0.07973   0.05556  0.009484  0.001902   0.04976   0.01383         0
     15/99     3.64G   0.07966   0.02323         0    0.1029         1       640   0.04891    0.1944   0.01548  0.003166   0.04647   0.01477         0
     16/99     3.64G   0.07987   0.02536         0    0.1052         4       640    0.6136   0.05556   0.05937  0.007642   0.04346     0.015         0
     17/99     3.64G    0.0797   0.02271         0    0.1024         1       640    0.0139   0.05556  0.004314 0.0006054   0.04489   0.01446         0
     18/99     3.64G   0.07906   0.02368         0    0.1027         4       640  0.001402    0.1389 0.0004354 5.885e-05   0.07137   0.01374         0
     19/99     3.64G   0.07972   0.02309         0    0.1028         1       640   0.02897    0.1667  0.008304  0.001551   0.05041   0.01293         0
     20/99     3.64G   0.07846   0.02253         0     0.101         4       640   0.01434    0.1944  0.006404 0.0007455   0.04645   0.01338         0
     21/99     3.64G   0.07818   0.02331         0    0.1015         4       640    0.0647    0.1944   0.03606  0.008159   0.04493   0.01398         0
     22/99     3.64G   0.07528   0.02315         0   0.09844         1       640   0.04385      0.25   0.01797  0.002766   0.04573   0.01375         0
     23/99     3.64G   0.07418   0.02218         0   0.09636         2       640    0.2339    0.1667    0.0649   0.01219   0.03967   0.01471         0
     24/99     3.64G   0.07452    0.0227         0   0.09722         3       640   0.02831    0.3611   0.01878  0.004622   0.04154   0.01865         0
     25/99     3.64G   0.07404    0.0213         0   0.09534         2       640    0.2877    0.3056    0.1526   0.03718   0.04119   0.01313         0
     26/99     3.64G   0.07587   0.02146         0   0.09733         2       640    0.2799      0.25    0.1604   0.02472   0.04212   0.01293         0
     27/99     3.64G   0.07067   0.02166         0   0.09233         1       640     0.362    0.5278    0.3709   0.09589   0.03387   0.01349         0
     28/99     3.64G   0.07187   0.02215         0   0.09402         1       640    0.6614    0.4444    0.4885    0.1136   0.03482   0.01388         0
     29/99     3.64G   0.06986   0.02276         0   0.09263         1       640      0.27    0.5278    0.2345   0.05742    0.0364   0.01281         0
     30/99     3.64G   0.07378   0.02117         0   0.09495         4       640   0.02474    0.1389   0.01373  0.002946   0.04194   0.01886         0
     31/99     3.64G    0.0721   0.02369         0   0.09578         3       640    0.4979    0.3858    0.3002   0.06438    0.0376   0.01353         0
     32/99     3.64G   0.06772   0.02185         0   0.08957         1       640    0.4613    0.4167    0.3474   0.07746   0.03953   0.01289         0
     33/99     3.64G   0.06848   0.02363         0   0.09211         4       640    0.2747    0.6944    0.3462   0.07238    0.0335   0.01498         0
     34/99     3.64G   0.06807   0.02224         0   0.09031         4       640    0.2558    0.3056    0.1515   0.03604   0.04281   0.01152         0
     35/99     3.64G   0.06496   0.02175         0   0.08671         1       640    0.4156    0.5556    0.3711    0.1529   0.03197    0.0177         0
     36/99     3.64G     0.066    0.0201         0    0.0861         2       640    0.4477       0.5    0.4194    0.1448   0.03575   0.01996         0
     37/99     3.64G   0.06679   0.02035         0   0.08714         1       640    0.4159    0.5278    0.4001    0.1066   0.03423   0.01121         0
     38/99     3.64G   0.06319   0.02207         0   0.08526         1       640    0.5209    0.5556    0.3877    0.1235    0.0375    0.0113         0
     39/99     3.64G   0.06164   0.02248         0   0.08412         1       640    0.3827    0.4134    0.2837   0.08698    0.0375   0.01103         0
     40/99     3.64G   0.06237   0.02171         0   0.08407         2       640    0.6787    0.3611    0.4604    0.1429   0.03954   0.01037         0
     41/99     3.64G   0.06222   0.02112         0   0.08334         2       640    0.4771    0.6083    0.5615    0.1564   0.03138   0.01101         0
     42/99     3.64G   0.06347   0.01987         0   0.08333         2       640    0.2228      0.25    0.1057   0.02621   0.03701   0.01897         0
     43/99     3.64G   0.06143   0.01916         0   0.08059         2       640    0.4069    0.6111    0.4231   0.08391   0.03294   0.01356         0
     44/99     3.64G   0.06157   0.02118         0   0.08275         4       640    0.2855    0.6111    0.2745   0.06718    0.0294   0.01553         0
     45/99     3.64G   0.05936   0.01986         0   0.07922         1       640    0.6773    0.5829    0.5968    0.1786   0.03707   0.01141         0
     46/99     3.64G   0.05867    0.0197         0   0.07837         2       640    0.7658    0.6359    0.7377    0.2628   0.02848   0.01276         0
     47/99     3.64G   0.05673    0.0205         0   0.07724         4       640    0.6732    0.8012    0.7318    0.2338   0.02995   0.01484         0
     48/99     3.64G   0.05547   0.01933         0   0.07479         4       640    0.5746    0.6378    0.5558    0.1777   0.03314   0.01247         0
     49/99     3.64G   0.05648   0.01979         0   0.07628         2       640    0.5708    0.5542    0.5009    0.1449   0.03498   0.01316         0
     50/99     3.64G   0.05332   0.01871         0   0.07204         2       640    0.6529    0.5749    0.5956    0.2061   0.02745   0.01688         0
     51/99     3.64G   0.05363   0.01944         0   0.07306         1       640    0.4981    0.4444    0.3965   0.08693   0.03659   0.01096         0
     52/99     3.64G   0.05312   0.01832         0   0.07143         2       640    0.7935      0.75       0.8    0.3688   0.02417   0.01006         0
     53/99     3.64G   0.05623   0.01942         0   0.07565         4       640    0.8647    0.8889    0.8964    0.4263   0.02473  0.009792         0
     54/99     3.64G    0.0545   0.01992         0   0.07442         4       640    0.7072    0.8049    0.6948    0.2149   0.02938   0.01171         0
     55/99     3.64G   0.05217    0.0185         0   0.07067         4       640    0.7054    0.6667    0.5693    0.2278    0.0316   0.01409         0
     56/99     3.64G   0.05434   0.01967         0   0.07401         4       640    0.6366    0.6389    0.6261    0.2568   0.02735   0.01179         0
     57/99     3.64G   0.05116   0.01833         0    0.0695         1       640    0.8369    0.8611    0.8334    0.3841   0.02798  0.008838         0
     58/99     3.64G   0.05064   0.01706         0    0.0677         1       640    0.9393    0.8605    0.9083    0.4376   0.02767  0.008243         0
     59/99     3.64G   0.05204   0.01881         0   0.07085         2       640    0.8333    0.8332    0.8576    0.3862   0.02641  0.009064         0
     60/99     3.64G   0.05034   0.01797         0   0.06831         2       640    0.8285    0.8056    0.8262     0.387   0.02615  0.009878         0
     61/99     3.64G   0.04924   0.01846         0   0.06769         2       640     0.869      0.75    0.8192    0.3441     0.028   0.01048         0
     62/99     3.64G   0.05098   0.01751         0   0.06849         2       640    0.8965    0.7218    0.7913    0.3349   0.02678  0.008517         0
     63/99     3.64G   0.05219   0.01805         0   0.07024         2       640     0.868    0.9167    0.9326    0.3067   0.03104  0.009041         0
     64/99     3.64G   0.04901   0.01748         0    0.0665         2       640    0.8044    0.9167    0.9031    0.4712    0.0237  0.008502         0
     65/99     3.64G   0.04895   0.01558         0   0.06453         1       640    0.8866    0.8889    0.9093    0.3811   0.02585  0.009167         0
     66/99     3.64G   0.04504   0.01761         0   0.06265         0       640    0.8569    0.8321    0.8421    0.3765   0.02671  0.008528         0
     67/99     3.64G   0.04508   0.01781         0   0.06289         3       640    0.7431    0.8056    0.7808    0.3234   0.03016    0.0103         0
     68/99     3.64G    0.0483   0.01676         0   0.06506         2       640    0.7946    0.8611     0.852    0.3251   0.02915  0.008409         0
     69/99     3.64G   0.04646   0.01709         0   0.06355         1       640    0.8742    0.9722    0.9573    0.4386   0.02726  0.007689         0
     70/99     3.64G   0.04562   0.01546         0   0.06108         1       640    0.9156    0.9167    0.9377    0.3973   0.02892  0.007596         0
     71/99     3.64G   0.04722   0.01691         0   0.06413         4       640    0.8848    0.8611    0.9353    0.4388   0.02375    0.0075         0
     72/99     3.64G   0.04567   0.01682         0   0.06249         2       640    0.8498    0.9432    0.9364    0.3548   0.02582  0.007697         0
     73/99     3.64G   0.04619   0.01618         0   0.06237         4       640    0.8535    0.9722    0.9407    0.4895   0.02117  0.009101         0
     74/99     3.64G   0.04582   0.01662         0   0.06244         1       640     0.763    0.8049     0.799    0.2906   0.02998  0.008287         0
     75/99     3.64G   0.04462   0.01525         0   0.05987         2       640    0.8092    0.9444    0.9236    0.4521     0.024  0.007517         0
     76/99     3.64G   0.04289   0.01726         0   0.06015         4       640    0.8885    0.8889    0.9336    0.4373   0.02502  0.007723         0
     77/99     3.64G   0.04613   0.01633         0   0.06246         2       640    0.9167    0.9165    0.9615    0.5161   0.02309  0.007132         0
     78/99     3.64G   0.04528   0.01668         0   0.06196         4       640    0.9705    0.9167    0.9662    0.4458   0.02631  0.007184         0
     79/99     3.64G   0.04574    0.0175         0   0.06324         4       640    0.9091    0.8332    0.8972    0.3281   0.03017  0.007117         0
     80/99     3.64G   0.04238   0.01612         0    0.0585         1       640    0.8919    0.9167    0.9539    0.4964   0.02471  0.006868         0
     81/99     3.64G   0.04225   0.01592         0   0.05817         3       640    0.9411    0.8889    0.9122     0.337   0.03084  0.007433         0
     82/99     3.64G   0.04391   0.01618         0   0.06009         2       640    0.9333    0.7773    0.8846    0.3735   0.03041  0.006873         0
     83/99     3.64G   0.04441   0.01619         0    0.0606         4       640    0.9143    0.8889    0.9213    0.3225   0.03133  0.007324         0
     84/99     3.64G   0.04297   0.01542         0   0.05839         2       640    0.8918    0.9162    0.9113    0.3836   0.02576  0.007367         0
     85/99     3.64G   0.04363   0.01642         0   0.06005         3       640    0.9459    0.9718    0.9684    0.3963   0.02724  0.006971         0
     86/99     3.64G   0.04213   0.01504         0   0.05718         2       640    0.9143    0.8887    0.9118    0.3932   0.02945  0.007169         0
     87/99     3.64G   0.04121   0.01614         0   0.05735         3       640    0.9429    0.9166      0.95    0.4352   0.02706  0.006815         0
     88/99     3.64G   0.03818   0.01527         0   0.05345         1       640    0.8855    0.8611    0.8567    0.3476   0.03044  0.008261         0
     89/99     3.64G   0.04211   0.01491         0   0.05702         3       640    0.9999    0.9167    0.9694    0.4547   0.02739  0.006498         0
     90/99     3.64G   0.04147   0.01527         0   0.05674         2       640    0.8971    0.9722    0.9678    0.5139   0.02362  0.006634         0
     91/99     3.64G   0.04072   0.01461         0   0.05533         4       640    0.9714    0.9444    0.9769     0.499   0.02359  0.006813         0
     92/99     3.64G   0.03903   0.01407         0    0.0531         1       640    0.9714    0.9444    0.9778    0.4731   0.02395  0.006865         0
     93/99     3.64G   0.04045   0.01462         0   0.05507         1       640    0.9722    0.9721    0.9869    0.4234   0.02804  0.006692         0
     94/99     3.64G   0.04153   0.01529         0   0.05682         1       640    0.9459    0.9721    0.9851    0.4431   0.02698  0.006433         0
     95/99     3.64G   0.04129    0.0149         0   0.05619         3       640     0.921    0.9722     0.978    0.4809   0.02501  0.006132         0
     96/99     3.64G   0.04065    0.0141         0   0.05474         1       640    0.9208    0.9722    0.9681     0.439   0.02599  0.006447         0
     97/99     3.64G   0.03852   0.01469         0   0.05321         2       640    0.9209    0.9722    0.9768    0.4186    0.0282  0.007103         0
     98/99     3.64G   0.03995   0.01545         0    0.0554         4       640    0.8947    0.9443    0.9498     0.408   0.02779  0.007089         0
     99/99     3.64G   0.04016    0.0152         0   0.05536         1       640    0.9456    0.9651    0.9828    0.4448    0.0283  0.006579         0
